0,503
0,502
0,504
0,501
99,101
99,100
99,99
99,98
99,97
99,96
99,95
99,94
99,93
99,92
99,91
99,90
99,89
99,88
99,87
99,86
99,85
99,84
99,83
99,82
99,81
99,80
99,79
99,78
99,77
99,76
99,75
99,74
99,73
99,72
99,71
99,70
99,69
99,68
99,67
99,66
99,65
99,64
99,39
99,38
99,37
99,36
99,35
99,34
99,33
99,32
99,31
99,30
99,29
99,28
99,27
99,26
99,25
99,24
99,23
99,22
99,21
99,20
99,19
99,18
99,17
99,16
99,15
99,14
99,13
99,12
99,11
99,10
99,9
99,8
99,7
99,6
99,5
99,4
99,3
99,2
99,1
99,0
98,67
98,66
98,65
98,64
98,39
98,38
98,37
98,36
98,35
98,34
98,33
98,32
98,31
98,30
98,29
98,28
98,27
98,26
98,25
98,24
98,23
98,22
98,21
98,20
98,19
98,18
98,17
98,16
98,15
98,14
98,13
98,12
98,11
98,10
98,9
98,8
0,496
0,467
98,7
98,6
98,5
98,4
98,3
98,2
98,1
98,0
97,7
97,6
97,5
97,4
97,3
97,2
97,1
97,0
0,399
0,456
96,7
96,6
96,5
96,4
96,3
96,2
96,1
96,0
95,7
95,6
95,5
95,4
95,3
95,2
95,1
95,0
94,7
94,6
94,5
94,4
94,3
94,2
94,1
94,0
93,101
93,100
93,99
93,98
93,97
93,96
93,95
93,94
93,93
93,92
93,91
93,90
93,89
93,88
93,87
93,86
93,85
93,84
93,83
93,82
93,81
93,80
93,79
93,78
93,77
93,76
93,75
93,74
93,73
93,72
93,71
93,70
93,69
93,68
93,67
93,66
93,65
93,64
93,39
93,38
93,37
93,36
93,35
93,34
93,33
93,32
93,31
93,30
93,29
93,28
93,27
93,26
93,25
93,24
93,23
93,22
93,21
93,20
93,19
93,18
93,17
93,16
93,15
93,14
93,13
93,12
93,11
93,10
93,9
93,8
0,284
93,7
93,6
93,5
93,4
93,3
93,2
93,1
93,0
92,67
92,66
92,65
92,64
92,39
92,38
92,37
92,36
92,35
92,34
92,33
92,32
92,31
92,30
92,29
92,28
92,27
92,26
92,25
92,24
92,23
92,22
92,21
92,20
92,19
92,18
92,17
92,16
92,15
92,14
92,13
92,12
92,11
92,10
92,9
92,8
0,274
92,7
92,6
92,5
92,4
92,3
92,2
0,534
0,309
92,1
92,0
0,296
0,488
91,7
91,6
91,5
91,4
91,3
91,2
91,1
91,0
90,7
90,6
90,5
90,4
90,3
90,2
0,533
0,315
90,1
90,0
0,313
0,312
0,269
89,7
89,6
89,5
89,4
89,3
89,2
0,532
0,485
89,1
89,0
0,482
0,481
88,7
88,6
88,5
88,4
88,3
88,2
0,435
88,1
88,0
0,531
87,7
87,6
87,5
87,4
87,3
87,2
0,477
87,1
87,0
0,497
0,424
0,473
0,471
86,7
86,6
86,5
86,4
86,3
86,2
0,470
86,1
86,0
0,415
0,414
0,466
0,411
0,410
85,7
85,6
85,5
85,4
85,3
85,2
0,530
0,529
0,412
85,1
85,0
0,407
0,409
0,408
0,405
0,404
